10 / 4		0.36 0.30 0.33
20 / 10		0.39 0.31 0.31
30 / 14		0.46 0.27 0.27
40 / 20		0.55 0.23 0.23
50 / 24		0.60 0.20 0.20
60 / 30		0.63 0.17 0.20
70 / 38		0.71 0.14 0.16
80 / 43		0.75 0.12 0.13
90 / 48		0.76 0.10 0.14
100 / 56	0.80 0.09 0.12
150 / 87	0.89 0.05 0.06
200 / 123	0.91 0.04 0.05
250 / 158	0.92 0.04 0.04
300 / 192	0.93 0.04 0.03
400 / 267	0.93 0.04 0.03
500 / 338	0.93 0.04 0.03
600 / 414
700 / 489
800 / 568
900 / 646
1000 / 718
1500 / 1087
2000 / 1467
3000 / 2181
3500 / 2541

channel 1: 2491 received
channel 2: 36 received
channel 3: 14 received