10 / 3		0.39 0.30 0.30
20 / 7		0.42 0.31 0.28
30 / 14		0.47 0.30 0.22
40 / 21		0.53 0.28 0.19
50 / 23		0.57 0.25 0.17
60 / 27		0.61 0.23 0.16
70 / 35		0.66 0.21 0.13
80 / 41		0.70 0.20 0.10
90 / 46		0.73 0.17 0.10
100 / 55	0.73 0.19 0.08
150 / 86	0.80 0.15 0.05
200 / 121	0.90 0.06 0.04
250 / 155	0.92 0.04 0.04
300 / 193	0.93 0.04 0.03
400 / 267	0.93 0.04 0.03
500 / 343	0.93 0.04 0.03
600 / 417	0.93 0.04 0.03
700 / 490
800 / 568
900 / 651
1000 / 731
1500 / 1101
2000 / 1468
3000 / 2202
3500 / 2569

channel 1: 2485 received
channel 2: 81 received
channel 3: 3 received