10 / 5		0.37 0.31 0.31
20 / 11		0.45 0.28 0.28
30 / 15		0.51 0.25 0.25
40 / 20		0.55 0.22 0.22
50 / 25		0.59 0.22 0.19
60 / 33		0.64 0.19 0.17
70 / 42		0.71 0.15 0.13
80 / 49		0.74 0.15 0.11
90 / 54		0.78 0.13 0.10
100 / 61	0.78 0.14 0.09
150 / 91	0.86 0.09 0.05
200 / 126	0.90 0.06 0.04
250 / 163	0.91 0.05 0.04
300 / 203	0.93 0.04 0.03
400 / 277	0.93 0.04 0.03
500 / 346
600 / 423
700 / 496
800 / 566
900 / 640
1000 / 717
1500 / 1080
2000 / 1445
3000 / 2183
3500 / 2549	0.93 0.04 0.03

channel 1: 2475
channel 2: 74

