10 / 3	0.37 0.31 0.31
20 / 8	0.41 0.32 0.27
30 / 15	0.45 0.33 0.22
40 / 18	0.48 0.31 0.21
50 / 23	0.53 0.28 0.18
60 / 28	0.52 0.31 0.16
70 / 37	0.62 0.24 0.13
80 / 43	0.67 0.22 0.11
90 / 49	0.72 0.19 0.10
100 / 55	0.73 0.19 0.09
150 / 85	0.85 0.10 0.05
170 / 96
180 / 101
190 / 108
200 / 116	0.84 0.12 0.04
250 / 156	0.88 0.08 0.04
300 / 192	0.92 0.05 0.03
400 / 258	0.92 0.04 0.03
500 / 329	0.93 0.04 0.03
600 / 408	0.93 0.04 0.03
700 / 486	0.93 0.04 0.03
800 / 559	0.93 0.04 0.03
900 / 635
1000 / 714
1500 / 1086
2000 / 1463
3000 / 2205
3500 / 2563

channel 1: 2480 received
channel 2: 83 received
channel 3: 0 received