10 / 4		0.35 0.35 0.29
20 / 9		0.38 0.35 0.27
30 / 14		0.42 0.34 0.24
40 / 20		0.50 0.30 0.20
50 / 25		0.52 0.31 0.17
60 / 31		0.56 0.30 0.15
70 / 41		0.62 0.26 0.12
80 / 46		0.66 0.23 0.11
90 / 52		0.69 0.22 0.09
100 / 58	0.70 0.21 0.08	
150 / 90	0.81 0.13 0.05
200 / 123	0.89 0.07 0.04
250 / 160	0.90 0.06 0.04
300 / 196	0.92 0.04 0.03
400 / 275	0.93 0.04 0.03
500 / 341	0.93 0.04 0.03
600 / 418	0.93 0.04 0.03
700 / 495
800 / 567
900 / 639
1000 / 705
1500 / 1075
2000 / 1437
3000 / 2171
3500 / 2528

channel 1: 2448
channel 2: 80
